H MIYS960101
D Quasichemical energy of transfer of amino acids from water to the protein
  environment
R PMID:8604144
A Miyazawa, S. and Jernigan, R.L.
T Residue-residue potentials with a favorable contact pair term
  and an unfavorable high packing density term, for simulation
  and threading
J J. Mol. Biol. 256, 623-644 (1996)
M rows = ARNDCQEGHILKMFPSTWYV, cols = ARNDCQEGHILKMFPSTWYV
  -2.72
  -1.83 -1.55
  -1.84 -1.64 -1.68
  -1.70 -2.29 -1.68 -1.21
  -3.57 -2.57 -2.59 -2.41 -5.44
  -1.89 -1.80 -1.71 -1.46 -2.85 -1.54
  -1.51 -2.27 -1.51 -1.02 -2.27 -1.42 -0.91
  -2.31 -1.72 -1.74 -1.59 -3.16 -1.66 -1.22 -2.24
  -2.41 -2.16 -2.08 -2.32 -3.60 -1.98 -2.15 -2.15 -3.05
  -4.58 -3.63 -3.24 -3.17 -5.50 -3.67 -3.27 -3.78 -4.14 -6.54
  -4.91 -4.03 -3.74 -3.40 -5.83 -4.04 -3.59 -4.16 -4.54 -7.04 -7.37
  -1.31 -0.59 -1.21 -1.68 -1.95 -1.29 -1.80 -1.15 -1.35 -3.01 -3.37 -0.12
  -3.94 -3.12 -2.95 -2.57 -4.99 -3.30 -2.89 -3.39 -3.98 -6.02 -6.41 -2.48 -5.46
  -4.81 -3.98 -3.75 -3.48 -5.80 -4.10 -3.56 -4.13 -4.77 -6.84 -7.28 -3.36 -6.56 -7.26
  -2.03 -1.70 -1.53 -1.33 -3.07 -1.73 -1.26 -1.87 -2.25 -3.76 -4.20 -0.97 -3.45 -4.25 -1.75
  -2.01 -1.62 -1.58 -1.63 -2.86 -1.49 -1.48 -1.82 -2.11 -3.52 -3.92 -1.05 -3.03 -4.02 -1.57 -1.67
  -2.32 -1.90 -1.88 -1.80 -3.11 -1.90 -1.74 -2.08 -2.42 -4.03 -4.34 -1.31 -3.51 -4.28 -1.90 -1.96 -2.12
  -3.82 -3.41 -3.07 -2.84 -4.95 -3.11 -2.99 -3.42 -3.98 -5.78 -6.14 -2.69 -5.55 -6.16 -3.73 -2.99 -3.22 -5.06
  -3.36 -3.16 -2.76 -2.76 -4.16 -2.97 -2.79 -3.01 -3.52 -5.25 -5.67 -2.60 -4.91 -5.66 -3.19 -2.78 -3.01 -4.66 -4.17
  -4.04 -3.07 -2.83 -2.48 -4.96 -3.07 -2.67 -3.38 -3.58 -6.05 -6.48 -2.49 -5.32 -6.29 -3.32 -3.05 -3.46 -5.18 -4.62 -5.52